id	effectiveTime	active	moduleId	definitionStatusId
667009	20020131	1	900000000000207008	900000000000074008
762008	20070731	1	900000000000207008	900000000000073002
774007	20020131	1	900000000000207008	900000000000074008
1086007	20020131	1	900000000000207008	900000000000074008
1101003	20020131	1	900000000000207008	900000000000074008
1417002	20050131	1	900000000000207008	900000000000073002
2119009	20020131	1	900000000000207008	900000000000073002
2533004	20020731	0	900000000000207008	900000000000074008
2861001	20020131	1	900000000000207008	900000000000074008
2949005	20020131	1	900000000000207008	900000000000074008
2969000	20020131	1	900000000000207008	900000000000074008
4147007	20020131	1	900000000000207008	900000000000074008
4365001	20020131	1	900000000000207008	900000000000073002
4626009	20020131	1	900000000000207008	900000000000073002
4970003	20040731	1	900000000000207008	900000000000073002
5131003	20020131	1	900000000000207008	900000000000073002
6834003	20020131	1	900000000000207008	900000000000074008
7140000	20020131	1	900000000000207008	900000000000074008
7396004	20030731	0	900000000000207008	900000000000074008
8533009	20020131	1	900000000000207008	900000000000074008
9990009	20020131	1	900000000000207008	900000000000074008
11527006	20020131	1	900000000000207008	900000000000074008
11802008	20040131	0	900000000000207008	900000000000074008
12738006	20020131	1	900000000000207008	900000000000074008
12921003	20020131	1	900000000000207008	900000000000074008
14799000	20020131	1	900000000000207008	900000000000074008
15328005	20020131	1	900000000000207008	900000000000074008
17679005	20020131	1	900000000000207008	900000000000073002
18373002	20020131	1	900000000000207008	900000000000074008
18629005	20080731	1	900000000000207008	900000000000073002
21483005	20020131	1	900000000000207008	900000000000074008
21514008	20020131	1	900000000000207008	900000000000074008
21793004	20020131	1	900000000000207008	900000000000074008
22943007	20020131	1	900000000000207008	900000000000074008
23853001	20020131	1	900000000000207008	900000000000073002
24456005	20020131	1	900000000000207008	900000000000073002
25087005	20020131	1	900000000000207008	900000000000074008
26107004	20020131	1	900000000000207008	900000000000074008
26864007	20020131	1	900000000000207008	900000000000074008
27352000	20020131	1	900000000000207008	900000000000073002
27483000	20030131	1	900000000000207008	900000000000073002
27832009	20020131	1	900000000000207008	900000000000074008
29092000	20020131	1	900000000000207008	900000000000074008
29357002	20020131	1	900000000000207008	900000000000073002
30217000	20020131	1	900000000000207008	900000000000074008
30904006	20020131	1	900000000000207008	900000000000073002
31375009	20030731	0	900000000000207008	900000000000074008
32962002	20030731	1	900000000000207008	900000000000073002
33565001	20090731	0	900000000000207008	900000000000074008
33638001	20020131	1	900000000000207008	900000000000074008
34945008	20100731	1	900000000000207008	900000000000074008
35549004	20130731	1	900000000000207008	900000000000073002
36771004	20070131	1	900000000000207008	900000000000074008
37884009	20020131	1	900000000000207008	900000000000073002
38266002	20020131	1	900000000000207008	900000000000074008
38318006	20040131	0	900000000000207008	900000000000074008
38629001	20030131	1	900000000000207008	900000000000073002
38807002	20020731	0	900000000000207008	900000000000074008
38866009	20020131	1	900000000000207008	900000000000074008
39499005	20020131	1	900000000000207008	900000000000074008
39821008	20020131	1	900000000000207008	900000000000074008
39891004	20020131	1	900000000000207008	900000000000073002
40818001	20020131	1	900000000000207008	900000000000074008
41747008	20050131	1	900000000000207008	900000000000073002
41751005	20090731	1	900000000000207008	900000000000074008
41796003	20020131	1	900000000000207008	900000000000074008
42030000	20020131	1	900000000000207008	900000000000073002
42752001	20110131	1	900000000000012004	900000000000074008
43174007	20020131	1	900000000000207008	900000000000074008
43526002	20020131	1	900000000000207008	900000000000074008
43799004	20020131	1	900000000000207008	900000000000074008
44300000	20020131	1	900000000000207008	900000000000074008
45048000	20020131	1	900000000000207008	900000000000074008
45554006	20020131	1	900000000000207008	900000000000073002
46197000	20050131	0	900000000000207008	900000000000074008
47429007	20110131	1	900000000000012004	900000000000074008
47585001	20070131	1	900000000000207008	900000000000073002
48176007	20020131	1	900000000000207008	900000000000074008
48450000	20020131	1	900000000000207008	900000000000073002
48692003	20030131	0	900000000000207008	900000000000074008
49062001	20020131	1	900000000000207008	900000000000074008
49755003	20020131	1	900000000000207008	900000000000074008
50731006	20020131	1	900000000000207008	900000000000074008
51114001	20020131	1	900000000000207008	900000000000074008
51185008	20020131	1	900000000000207008	900000000000074008
51282000	20020131	1	900000000000207008	900000000000074008
51487009	20020131	1	900000000000207008	900000000000073002
51860002	20020131	1	900000000000207008	900000000000073002
52530000	20020131	1	900000000000207008	900000000000074008
52731004	20020131	1	900000000000207008	900000000000074008
52988006	20150131	1	900000000000207008	900000000000074008
53065001	20020131	1	900000000000207008	900000000000074008
53418001	20020131	1	900000000000207008	900000000000074008
53438000	20020131	1	900000000000207008	900000000000074008
53452003	20020131	1	900000000000207008	900000000000074008
53579001	20020131	1	900000000000207008	900000000000073002
55342001	20020131	1	900000000000207008	900000000000073002
55460000	20020131	1	900000000000207008	900000000000074008
55574009	20020131	1	900000000000207008	900000000000074008
55587003	20030731	0	900000000000207008	900000000000074008
56002005	20050131	0	900000000000207008	900000000000074008
56222002	20020131	1	900000000000207008	900000000000073002
56329008	20020131	1	900000000000207008	900000000000074008
57168000	20020131	1	900000000000207008	900000000000073002
57312000	20020131	1	900000000000207008	900000000000074008
57697001	20020131	1	900000000000207008	900000000000074008
57991002	20020131	1	900000000000207008	900000000000074008
58295004	20020131	1	900000000000207008	900000000000074008
58590008	20020131	1	900000000000207008	900000000000074008
58981006	20100131	1	900000000000207008	900000000000073002
59108006	20020731	1	900000000000207008	900000000000073002
59820001	20020131	1	900000000000207008	900000000000074008
60413009	20020131	1	900000000000207008	900000000000074008
60654006	20020131	1	900000000000207008	900000000000073002
62056004	20040731	0	900000000000207008	900000000000074008
62735006	20070131	1	900000000000207008	900000000000073002
63337009	20020131	1	900000000000207008	900000000000074008
63653004	20020131	1	900000000000207008	900000000000074008
63769003	20020731	1	900000000000207008	900000000000073002
64572001	20020131	1	900000000000207008	900000000000074008
65837003	20020131	1	900000000000207008	900000000000073002
66014000	20020131	1	900000000000207008	900000000000074008
66523006	20020131	1	900000000000207008	900000000000074008
66769009	20020131	1	900000000000207008	900000000000073002
67734004	20020131	1	900000000000207008	900000000000074008
67791009	20020131	1	900000000000207008	900000000000073002
67923007	20020131	1	900000000000207008	900000000000074008
68796002	20050131	1	900000000000207008	900000000000073002
69143005	20020131	1	900000000000207008	900000000000073002
69536005	20020131	1	900000000000207008	900000000000074008
69548008	20020131	1	900000000000207008	900000000000074008
69608005	20020131	1	900000000000207008	900000000000074008
70104002	20020131	1	900000000000207008	900000000000074008
71388002	20020131	1	900000000000207008	900000000000074008
71934003	20020131	1	900000000000207008	900000000000074008
72410000	20020131	1	900000000000207008	900000000000074008
74285003	20090131	1	900000000000207008	900000000000073002
74710000	20070731	1	900000000000207008	900000000000073002
74910009	20070131	0	900000000000207008	900000000000074008
74943008	20020131	1	900000000000207008	900000000000073002
75385009	20160131	1	900000000000207008	900000000000073002
77343006	20020131	1	900000000000207008	900000000000073002
77477000	20020131	1	900000000000207008	900000000000073002
77568009	20020131	1	900000000000207008	900000000000074008
78621006	20020131	1	900000000000207008	900000000000074008
78904004	20020131	1	900000000000207008	900000000000074008
79760008	20020131	1	900000000000207008	900000000000073002
80356007	20030131	0	900000000000207008	900000000000074008
80891009	20020131	1	900000000000207008	900000000000074008
81308009	20020131	1	900000000000207008	900000000000073002
82076002	20030131	0	900000000000207008	900000000000074008
82107009	20020131	1	900000000000207008	900000000000074008
82918005	20020131	1	900000000000207008	900000000000073002
83395009	20030131	0	900000000000207008	900000000000074008
83418008	20020131	1	900000000000207008	900000000000074008
83422003	20020131	1	900000000000207008	900000000000073002
83678007	20020131	1	900000000000207008	900000000000074008
83788002	20070131	1	900000000000207008	900000000000073002
84028004	20020131	1	900000000000207008	900000000000073002
84667006	20020131	1	900000000000207008	900000000000074008
84755001	20020131	1	900000000000207008	900000000000074008
85756007	20020131	1	900000000000207008	900000000000074008
85974009	20020731	1	900000000000207008	900000000000073002
86049000	20020131	1	900000000000207008	900000000000074008
86394004	20020131	1	900000000000207008	900000000000074008
87563008	20020131	1	900000000000207008	900000000000074008
87784001	20020131	1	900000000000207008	900000000000074008
88108008	20030731	0	900000000000207008	900000000000074008
89457008	20020131	1	900000000000207008	900000000000074008
89545001	20020131	1	900000000000207008	900000000000074008
89546000	20020131	1	900000000000207008	900000000000074008
89718004	20020131	1	900000000000207008	900000000000074008
89901005	20020131	1	900000000000207008	900000000000073002
90780006	20020131	1	900000000000207008	900000000000074008
91397008	20020131	1	900000000000207008	900000000000074008
91689009	20020131	1	900000000000207008	900000000000074008
91690000	20020131	1	900000000000207008	900000000000074008
91717005	20020131	1	900000000000207008	900000000000074008
91721003	20140131	0	900000000000207008	900000000000074008
91722005	20020131	1	900000000000207008	900000000000074008
91723000	20020131	1	900000000000207008	900000000000074008
91806002	20020131	1	900000000000207008	900000000000074008
91807006	20020131	1	900000000000207008	900000000000074008
91808001	20020131	1	900000000000207008	900000000000074008
91812007	20020131	1	900000000000207008	900000000000074008
91829005	20020131	1	900000000000207008	900000000000074008
91830000	20020131	1	900000000000207008	900000000000074008
93727008	20020131	1	900000000000207008	900000000000073002
93744007	20020131	1	900000000000207008	900000000000073002
93749002	20020731	1	900000000000207008	900000000000073002
93768004	20020131	1	900000000000207008	900000000000073002
93780007	20020731	0	900000000000207008	900000000000074008
93824007	20020131	1	900000000000207008	900000000000073002
93923002	20020131	1	900000000000207008	900000000000073002
93964007	20020131	1	900000000000207008	900000000000073002
94111002	20020131	1	900000000000207008	900000000000073002
94225005	20020131	1	900000000000207008	900000000000073002
94243009	20020131	1	900000000000207008	900000000000073002
94248000	20020731	1	900000000000207008	900000000000074008
94267001	20040731	1	900000000000207008	900000000000073002
94280003	20020131	1	900000000000207008	900000000000073002
94326009	20020131	1	900000000000207008	900000000000073002
94442001	20020731	1	900000000000207008	900000000000073002
94491007	20020131	1	900000000000207008	900000000000073002
102957003	20060131	1	900000000000207008	900000000000074008
103379005	20020131	1	900000000000207008	900000000000074008
103387006	20020131	1	900000000000207008	900000000000074008
103693007	20020131	1	900000000000207008	900000000000073002
105371005	20080731	1	900000000000207008	900000000000073002
105590001	20020131	1	900000000000207008	900000000000074008
105947009	20160131	0	900000000000207008	900000000000074008
106104001	20160131	1	900000000000207008	900000000000073002
106237007	20110131	1	900000000000012004	900000000000074008
107733003	20020131	1	900000000000207008	900000000000073002
108216008	20020131	1	900000000000207008	900000000000074008
108234007	20050731	0	900000000000207008	900000000000074008
108272002	20020731	0	900000000000207008	900000000000074008
108273007	20030131	1	900000000000207008	900000000000073002
108276004	20020131	1	900000000000207008	900000000000073002
108279006	20020131	1	900000000000207008	900000000000073002
108290001	20020131	1	900000000000207008	900000000000074008
108291002	20030731	0	900000000000207008	900000000000074008
108292009	20060731	0	900000000000207008	900000000000074008
108347004	20070131	0	900000000000207008	900000000000074008
108369006	20020131	1	900000000000207008	900000000000074008
110406006	20020131	1	900000000000207008	900000000000074008
112695004	20020731	1	900000000000207008	900000000000073002
112697007	20020131	1	900000000000207008	900000000000073002
112802009	20020131	1	900000000000207008	900000000000073002
113021009	20020131	1	900000000000207008	900000000000074008
113090004	20020131	1	900000000000207008	900000000000074008
113192009	20020131	1	900000000000207008	900000000000074008
113257007	20020131	1	900000000000207008	900000000000074008
113331007	20020131	1	900000000000207008	900000000000074008
113343008	20020131	1	900000000000207008	900000000000074008
113345001	20020131	1	900000000000207008	900000000000074008
116676008	20110131	1	900000000000012004	900000000000074008
116680003	20110131	1	900000000000012004	900000000000074008
116686009	20110131	1	900000000000012004	900000000000074008
118168003	20110131	1	900000000000012004	900000000000074008
118169006	20110131	1	900000000000012004	900000000000074008
118170007	20110131	1	900000000000012004	900000000000074008
118171006	20110131	1	900000000000012004	900000000000074008
118199002	20020131	1	900000000000207008	900000000000074008
118222006	20020131	1	900000000000207008	900000000000074008
118228005	20160131	1	900000000000207008	900000000000073002
118232004	20160131	1	900000000000207008	900000000000073002
118234003	20040131	1	900000000000207008	900000000000073002
118238000	20030731	1	900000000000207008	900000000000073002
118254002	20040131	1	900000000000207008	900000000000073002
118255001	20020131	1	900000000000207008	900000000000074008
118633002	20020131	1	900000000000207008	900000000000074008
118634008	20020131	1	900000000000207008	900000000000074008
118646007	20020131	1	900000000000207008	900000000000074008
118655005	20020131	1	900000000000207008	900000000000074008
118664000	20020131	1	900000000000207008	900000000000073002
118666003	20020131	1	900000000000207008	900000000000073002
118672003	20020131	1	900000000000207008	900000000000073002
118674002	20020131	1	900000000000207008	900000000000073002
118689006	20090131	0	900000000000207008	900000000000074008
118690002	20020131	1	900000000000207008	900000000000073002
118691003	20020131	1	900000000000207008	900000000000073002
118693000	20020131	1	900000000000207008	900000000000073002
118694006	20020131	1	900000000000207008	900000000000073002
118695007	20020131	1	900000000000207008	900000000000073002
118696008	20020131	1	900000000000207008	900000000000073002
118697004	20020731	0	900000000000207008	900000000000074008
118698009	20020131	1	900000000000207008	900000000000073002
118699001	20020131	1	900000000000207008	900000000000073002
118717007	20020131	1	900000000000207008	900000000000073002
118727001	20020731	0	900000000000207008	900000000000074008
118729003	20050131	1	900000000000207008	900000000000073002
118731007	20020131	1	900000000000207008	900000000000073002
118736002	20020131	1	900000000000207008	900000000000073002
118738001	20020131	1	900000000000207008	900000000000073002
118760003	20020131	1	900000000000207008	900000000000074008
118797008	20020131	1	900000000000207008	900000000000073002
118804001	20020131	1	900000000000207008	900000000000073002
118805000	20020131	1	900000000000207008	900000000000073002
118808003	20020131	1	900000000000207008	900000000000073002
118810001	20020131	1	900000000000207008	900000000000073002
118811002	20020131	1	900000000000207008	900000000000073002
118812009	20030131	0	900000000000207008	900000000000074008
118934005	20020131	1	900000000000207008	900000000000073002
118940003	20020131	1	900000000000207008	900000000000073002
118943001	20130731	0	900000000000207008	900000000000074008
118950002	20020131	1	900000000000207008	900000000000073002
118956008	20020131	1	900000000000207008	900000000000074008
118965001	20020131	1	900000000000207008	900000000000074008
118966000	20020131	1	900000000000207008	900000000000074008
118970008	20020131	1	900000000000207008	900000000000074008
118976002	20020131	1	900000000000207008	900000000000074008
119234009	20020131	1	900000000000207008	900000000000074008
119235005	20020131	1	900000000000207008	900000000000074008
119243000	20020131	1	900000000000207008	900000000000074008
119264001	20020131	1	900000000000207008	900000000000074008
119405001	20020131	1	900000000000207008	900000000000074008
119552005	20030731	0	900000000000207008	900000000000074008
119553000	20020131	1	900000000000207008	900000000000074008
119587005	20020131	1	900000000000207008	900000000000073002
119589008	20020131	1	900000000000207008	900000000000073002
119593002	20020131	1	900000000000207008	900000000000073002
119759004	20020131	1	900000000000207008	900000000000073002
119761008	20020131	1	900000000000207008	900000000000073002
119803000	20020131	1	900000000000207008	900000000000073002
119804006	20020131	1	900000000000207008	900000000000073002
119807004	20020131	1	900000000000207008	900000000000073002
119809001	20020131	1	900000000000207008	900000000000073002
120149001	20020131	1	900000000000207008	900000000000073002
120152009	20020131	1	900000000000207008	900000000000073002
120155006	20020131	1	900000000000207008	900000000000073002
120170007	20020131	1	900000000000207008	900000000000073002
122454008	20020131	1	900000000000207008	900000000000074008
122494005	20020131	1	900000000000207008	900000000000074008
122495006	20020131	1	900000000000207008	900000000000074008
122503006	20030131	0	900000000000207008	900000000000074008
122544007	20030131	0	900000000000207008	900000000000074008
122869004	20020731	1	900000000000207008	900000000000073002
122945004	20020131	1	900000000000207008	900000000000073002
123005000	20110131	1	900000000000012004	900000000000074008
123037004	20020131	1	900000000000207008	900000000000074008
123850002	20020131	1	900000000000207008	900000000000074008
123852005	20020131	1	900000000000207008	900000000000074008
123946008	20020131	1	900000000000207008	900000000000073002
123959000	20020131	1	900000000000207008	900000000000074008
123960005	20020131	1	900000000000207008	900000000000074008
123961009	20120731	0	900000000000207008	900000000000074008
125676002	20020131	1	900000000000207008	900000000000074008
126631009	20020131	1	900000000000207008	900000000000073002
126637008	20020131	1	900000000000207008	900000000000073002
126644004	20020131	1	900000000000207008	900000000000073002
126950007	20020131	1	900000000000207008	900000000000073002
126951006	20020131	1	900000000000207008	900000000000073002
126952004	20020131	1	900000000000207008	900000000000073002
126953009	20020131	1	900000000000207008	900000000000073002
127015005	20030131	0	900000000000207008	900000000000074008
127024001	20020131	1	900000000000207008	900000000000073002
127025000	20020131	1	900000000000207008	900000000000073002
127331007	20020131	1	900000000000207008	900000000000073002
127345001	20020131	1	900000000000207008	900000000000073002
127489000	20110131	1	900000000000012004	900000000000074008
127777001	20020131	1	900000000000207008	900000000000074008
127944005	20020131	1	900000000000207008	900000000000074008
127947003	20020131	1	900000000000207008	900000000000074008
128121009	20020131	1	900000000000207008	900000000000073002
128262006	20020131	1	900000000000207008	900000000000074008
128263001	20020131	1	900000000000207008	900000000000074008
128319008	20020131	1	900000000000207008	900000000000074008
128427003	20040731	0	900000000000207008	900000000000074008
128462008	20020131	1	900000000000207008	900000000000073002
128530007	20020131	1	900000000000207008	900000000000074008
128927009	20020131	1	900000000000207008	900000000000073002
129125009	20040731	1	900000000000207008	900000000000073002
129152004	20020131	1	900000000000207008	900000000000073002
129233004	20020131	1	900000000000207008	900000000000073002
129264002	20020131	1	900000000000207008	900000000000074008
129265001	20020131	1	900000000000207008	900000000000074008
129266000	20020131	1	900000000000207008	900000000000074008
129268004	20020131	1	900000000000207008	900000000000074008
129271007	20020131	1	900000000000207008	900000000000074008
129284003	20020131	1	900000000000207008	900000000000074008
129325002	20020131	1	900000000000207008	900000000000074008
129326001	20020131	1	900000000000207008	900000000000074008
129342008	20030131	0	900000000000207008	900000000000074008
129357001	20020131	1	900000000000207008	900000000000074008
129445006	20020131	1	900000000000207008	900000000000074008
131195008	20110131	1	900000000000012004	900000000000074008
138875005	20020131	1	900000000000207008	900000000000074008
168537006	20020131	1	900000000000207008	900000000000073002
168816009	20020131	1	900000000000207008	900000000000073002
168818005	20020131	1	900000000000207008	900000000000073002
169067003	20020131	1	900000000000207008	900000000000073002
169068008	20020131	1	900000000000207008	900000000000073002
169069000	20040731	1	900000000000207008	900000000000073002
169070004	20020131	1	900000000000207008	900000000000073002
169071000	20020131	1	900000000000207008	900000000000073002
175129009	20070731	1	900000000000207008	900000000000074008
175890004	20020131	1	900000000000207008	900000000000073002
177749007	20070731	0	900000000000207008	900000000000074008
178358000	20020131	1	900000000000207008	900000000000074008
181125003	20020131	1	900000000000207008	900000000000074008
181217005	20020131	1	900000000000207008	900000000000074008
181440006	20040731	0	900000000000207008	900000000000074008
181791008	20020131	1	900000000000207008	900000000000074008
181792001	20020131	1	900000000000207008	900000000000074008
188286001	20020731	1	900000000000207008	900000000000073002
188339002	20020131	1	900000000000207008	900000000000074008
188340000	20020731	1	900000000000207008	900000000000073002
212480007	20020131	1	900000000000207008	900000000000073002
222036002	20020131	1	900000000000207008	900000000000074008
225426007	20080731	0	900000000000207008	900000000000074008
228703003	20020131	1	900000000000207008	900000000000074008
229757002	20020131	1	900000000000207008	900000000000074008
229761008	20020131	1	900000000000207008	900000000000074008
229765004	20020131	1	900000000000207008	900000000000074008
237712005	20090131	0	900000000000207008	900000000000074008
237713000	20050131	1	900000000000207008	900000000000073002
237715007	20040731	1	900000000000207008	900000000000073002
237721006	20040731	1	900000000000207008	900000000000073002
238164007	20070131	1	900000000000207008	900000000000074008
238181003	20020131	1	900000000000207008	900000000000073002
238327005	20020131	1	900000000000207008	900000000000073002
239364005	20020131	1	900000000000207008	900000000000073002
241182000	20020131	1	900000000000207008	900000000000073002
241191001	20020131	1	900000000000207008	900000000000073002
241215000	20020131	1	900000000000207008	900000000000074008
241517007	20040731	0	900000000000207008	900000000000074008
241562006	20020131	1	900000000000207008	900000000000073002
241577003	20020131	1	900000000000207008	900000000000073002
241578008	20020131	1	900000000000207008	900000000000073002
241579000	20020131	1	900000000000207008	900000000000073002
242052007	20070131	0	900000000000207008	900000000000074008
243796009	20020131	1	900000000000207008	900000000000074008
243928005	20020131	1	900000000000207008	900000000000074008
243930007	20140131	0	900000000000207008	900000000000074008
243951005	20020131	1	900000000000207008	900000000000074008
244202008	20020131	1	900000000000207008	900000000000074008
245500007	20020131	1	900000000000207008	900000000000074008
245849007	20020131	1	900000000000207008	900000000000074008
246061005	20110131	1	900000000000012004	900000000000074008
246062003	20110131	1	900000000000012004	900000000000074008
246075003	20110131	1	900000000000012004	900000000000074008
246090004	20110131	1	900000000000012004	900000000000074008
246093002	20110131	1	900000000000012004	900000000000074008
246112005	20110131	1	900000000000012004	900000000000074008
246188002	20040131	0	900000000000207008	900000000000074008
246379000	20110131	1	900000000000012004	900000000000074008
246454002	20110131	1	900000000000012004	900000000000074008
246456000	20110131	1	900000000000012004	900000000000074008
246464006	20020131	1	900000000000207008	900000000000074008
246501002	20110131	1	900000000000012004	900000000000074008
246513007	20110131	1	900000000000012004	900000000000074008
246514001	20110131	1	900000000000012004	900000000000074008
246556002	20050131	1	900000000000207008	900000000000073002
248842004	20050131	1	900000000000207008	900000000000073002
250171008	20020131	1	900000000000207008	900000000000074008
252142004	20030131	0	900000000000207008	900000000000074008
254935002	20020731	1	900000000000207008	900000000000073002
254968009	20040731	1	900000000000207008	900000000000073002
255050003	20020131	1	900000000000207008	900000000000074008
255054007	20020131	1	900000000000207008	900000000000073002
255055008	20020731	1	900000000000207008	900000000000073002
255056009	20020131	1	900000000000207008	900000000000073002
255112006	20020131	1	900000000000207008	900000000000074008
255203001	20020131	1	900000000000207008	900000000000074008
255234002	20110131	1	900000000000012004	900000000000074008
257728006	20060731	0	900000000000207008	900000000000074008
257885003	20020131	1	900000000000207008	900000000000074008
257903006	20020131	1	900000000000207008	900000000000074008
258335003	20020131	1	900000000000207008	900000000000074008
260222006	20020131	1	900000000000207008	900000000000074008
260488005	20140131	0	900000000000207008	900000000000074008
260507000	20110131	1	900000000000012004	900000000000074008
260669005	20080131	0	900000000000207008	900000000000074008
260670006	20110731	0	900000000000207008	900000000000074008
260686004	20110131	1	900000000000012004	900000000000074008
260787004	20020131	1	900000000000207008	900000000000074008
260858005	20110131	1	900000000000012004	900000000000074008
260863009	20110131	1	900000000000012004	900000000000074008
260870009	20110131	1	900000000000012004	900000000000074008
260908002	20070131	0	900000000000207008	900000000000074008
261004008	20020131	1	900000000000207008	900000000000074008
261060002	20020131	1	900000000000207008	900000000000074008
261583007	20070131	0	900000000000207008	900000000000074008
262202000	20020131	1	900000000000207008	900000000000074008
262213002	20030731	0	900000000000207008	900000000000074008
262225004	20020131	1	900000000000207008	900000000000074008
263353005	20020131	1	900000000000207008	900000000000074008
263490005	20110131	1	900000000000012004	900000000000074008
263491009	20110131	1	900000000000012004	900000000000074008
263502005	20110131	1	900000000000012004	900000000000074008
263534001	20110131	1	900000000000012004	900000000000074008
264452006	20020131	1	900000000000207008	900000000000074008
264483005	20020131	1	900000000000207008	900000000000074008
265702005	20040731	1	900000000000207008	900000000000073002
265757007	20020131	1	900000000000207008	900000000000073002
268425006	20070731	1	900000000000207008	900000000000073002
271586000	20020731	0	900000000000207008	900000000000074008
272099008	20020131	1	900000000000207008	900000000000074008
272181003	20020131	1	900000000000207008	900000000000074008
272610005	20020131	1	900000000000207008	900000000000074008
272612002	20020131	1	900000000000207008	900000000000074008
272623003	20020131	1	900000000000207008	900000000000074008
272625005	20020131	1	900000000000207008	900000000000074008
272673000	20020131	1	900000000000207008	900000000000074008
272679001	20020131	1	900000000000207008	900000000000074008
272710004	20020131	1	900000000000207008	900000000000074008
272734009	20110131	1	900000000000012004	900000000000074008
272741003	20110131	1	900000000000012004	900000000000074008
274751001	20050131	1	900000000000207008	900000000000073002
275464006	20080131	0	900000000000207008	900000000000074008
276341003	20060131	1	900000000000207008	900000000000073002
276343000	20030131	1	900000000000207008	900000000000073002
276438008	20020131	1	900000000000207008	900000000000074008
277132007	20020131	1	900000000000207008	900000000000073002
277302009	20020131	1	900000000000207008	900000000000074008
277367001	20020131	1	900000000000207008	900000000000074008
277739008	20020131	1	900000000000207008	900000000000074008
277889008	20110131	1	900000000000012004	900000000000074008
278110001	20020131	1	900000000000207008	900000000000074008
278195005	20020131	1	900000000000207008	900000000000074008
278196006	20020131	1	900000000000207008	900000000000074008
278198007	20020131	1	900000000000207008	900000000000074008
278199004	20020131	1	900000000000207008	900000000000074008
278264008	20020131	1	900000000000207008	900000000000074008
278826002	20020131	1	900000000000207008	900000000000074008
278858007	20020131	1	900000000000207008	900000000000074008
278861008	20020131	1	900000000000207008	900000000000074008
278876000	20020131	1	900000000000207008	900000000000074008
279328001	20020131	1	900000000000207008	900000000000074008
280115004	20020131	1	900000000000207008	900000000000074008
280369009	20020131	1	900000000000207008	900000000000074008
280432007	20020131	1	900000000000207008	900000000000074008
280441002	20020131	1	900000000000207008	900000000000074008
280542007	20020131	1	900000000000207008	900000000000074008
280717001	20140131	0	900000000000207008	900000000000074008
281157001	20020131	1	900000000000207008	900000000000074008
281159003	20020131	1	900000000000207008	900000000000074008
281213008	20020131	1	900000000000207008	900000000000074008
281229000	20070131	1	900000000000207008	900000000000073002
281230005	20020131	1	900000000000207008	900000000000074008
281231009	20020131	1	900000000000207008	900000000000074008
281232002	20020131	1	900000000000207008	900000000000074008
281233007	20020131	1	900000000000207008	900000000000074008
281241007	20020131	1	900000000000207008	900000000000074008
281246002	20020131	1	900000000000207008	900000000000074008
281253006	20020131	1	900000000000207008	900000000000074008
281467004	20020131	1	900000000000207008	900000000000074008
281471001	20020131	1	900000000000207008	900000000000074008
281586009	20020131	1	900000000000207008	900000000000074008
281706009	20070131	1	900000000000207008	900000000000073002
281825004	20020131	1	900000000000207008	900000000000074008
281827007	20020131	1	900000000000207008	900000000000074008
281829005	20020131	1	900000000000207008	900000000000074008
281830000	20020131	1	900000000000207008	900000000000074008
282465005	20020131	1	900000000000207008	900000000000074008
284009009	20040731	1	900000000000207008	900000000000074008
285837007	20040131	1	900000000000207008	900000000000073002
288181002	20030731	0	900000000000207008	900000000000074008
288529006	20020131	1	900000000000207008	900000000000074008
288532009	20020131	1	900000000000207008	900000000000074008
288556008	20110131	1	900000000000012004	900000000000074008
289959001	20020131	1	900000000000207008	900000000000074008
289960006	20130731	1	900000000000207008	900000000000073002
297166009	20020131	1	900000000000207008	900000000000074008
297167000	20020131	1	900000000000207008	900000000000074008
297211001	20020131	1	900000000000207008	900000000000074008
297260006	20020131	1	900000000000207008	900000000000074008
299718000	20050131	1	900000000000207008	900000000000073002
299735001	20150131	1	900000000000207008	900000000000073002
299978004	20020131	1	900000000000207008	900000000000074008
300479008	20050131	1	900000000000207008	900000000000073002
300847008	20020731	0	900000000000207008	900000000000074008
300848003	20040131	1	900000000000207008	900000000000073002
300862005	20050131	1	900000000000207008	900000000000073002
301766008	20150131	1	900000000000207008	900000000000073002
301857004	20040131	1	900000000000207008	900000000000073002
302199004	20020131	1	900000000000207008	900000000000074008
302292003	20040131	1	900000000000207008	900000000000073002
302548004	20020131	1	900000000000207008	900000000000074008
302549007	20020131	1	900000000000207008	900000000000074008
302550007	20020131	1	900000000000207008	900000000000074008
302551006	20020131	1	900000000000207008	900000000000074008
302552004	20120731	0	900000000000207008	900000000000074008
302553009	20020131	1	900000000000207008	900000000000074008
303102005	20020131	1	900000000000207008	900000000000074008
303340002	20020131	1	900000000000207008	900000000000074008
303430001	20080731	0	900000000000207008	900000000000074008
303607000	20020131	1	900000000000207008	900000000000074008
303653007	20040731	1	900000000000207008	900000000000073002
303660001	20070731	0	900000000000207008	900000000000074008
303661002	20070731	0	900000000000207008	900000000000074008
303662009	20020131	1	900000000000207008	900000000000073002
303663004	20020131	1	900000000000207008	900000000000073002
303669000	20020131	1	900000000000207008	900000000000073002
303678006	20020731	1	900000000000207008	900000000000073002
303679003	20020731	1	900000000000207008	900000000000073002
303680000	20020131	1	900000000000207008	900000000000073002
303695003	20020131	1	900000000000207008	900000000000073002
303696002	20040731	0	900000000000207008	900000000000074008
303698001	20020131	1	900000000000207008	900000000000074008
303745009	20020131	1	900000000000207008	900000000000074008
303751004	20020131	1	900000000000207008	900000000000073002
303780008	20030731	1	900000000000207008	900000000000073002
303786002	20020131	1	900000000000207008	900000000000073002
303787006	20020131	1	900000000000207008	900000000000073002
303790000	20020131	1	900000000000207008	900000000000073002
303792008	20020131	1	900000000000207008	900000000000073002
303808007	20020131	1	900000000000207008	900000000000074008
303827001	20020131	1	900000000000207008	900000000000073002
303828006	20020131	1	900000000000207008	900000000000073002
303829003	20070731	1	900000000000207008	900000000000073002
303859008	20020731	1	900000000000207008	900000000000073002
303862006	20030131	0	900000000000207008	900000000000074008
303894001	20020131	1	900000000000207008	900000000000074008
303927002	20020131	1	900000000000207008	900000000000073002
303932001	20020131	1	900000000000207008	900000000000073002
303934000	20030731	0	900000000000207008	900000000000074008
303938002	20020131	1	900000000000207008	900000000000073002
304035006	20020131	1	900000000000207008	900000000000074008
304036007	20020131	1	900000000000207008	900000000000074008
304037003	20020131	1	900000000000207008	900000000000074008
304041004	20020131	1	900000000000207008	900000000000074008
304061005	20020131	1	900000000000207008	900000000000074008
304062003	20020131	1	900000000000207008	900000000000074008
304063008	20020131	1	900000000000207008	900000000000074008
304623008	20020131	1	900000000000207008	900000000000074008
304783003	20020131	1	900000000000207008	900000000000074008
305072005	20020131	1	900000000000207008	900000000000074008
306721000	20020131	1	900000000000207008	900000000000074008
306954006	20020131	1	900000000000207008	900000000000074008
306955007	20020131	1	900000000000207008	900000000000074008
308489006	20020131	1	900000000000207008	900000000000074008
308730000	20020131	1	900000000000207008	900000000000073002
308734009	20020131	1	900000000000207008	900000000000074008
308762002	20020131	1	900000000000207008	900000000000074008
308845004	20020131	1	900000000000207008	900000000000074008
308915003	20020131	1	900000000000207008	900000000000074008
308963000	20020131	1	900000000000207008	900000000000073002
309524007	20050131	1	900000000000207008	900000000000073002
309825002	20020131	1	900000000000207008	900000000000074008
310787001	20020131	1	900000000000207008	900000000000074008
310789003	20020731	1	900000000000207008	900000000000073002
311805007	20080131	0	900000000000207008	900000000000074008
311980000	20040731	0	900000000000207008	900000000000074008
312251004	20020131	1	900000000000207008	900000000000074008
312254007	20020131	1	900000000000207008	900000000000074008
312286002	20020131	1	900000000000207008	900000000000074008
312287006	20020131	1	900000000000207008	900000000000074008
312288001	20020131	1	900000000000207008	900000000000074008
312295005	20030131	0	900000000000207008	900000000000074008
312412007	20020131	1	900000000000207008	900000000000074008
312413002	20020131	1	900000000000207008	900000000000074008
312415009	20020131	1	900000000000207008	900000000000074008
312419003	20020131	1	900000000000207008	900000000000074008
312421008	20020131	1	900000000000207008	900000000000074008
312717002	20020131	1	900000000000207008	900000000000074008
312763008	20020131	1	900000000000207008	900000000000074008
312769007	20020131	1	900000000000207008	900000000000074008
312779009	20020131	1	900000000000207008	900000000000074008
314789007	20020131	1	900000000000207008	900000000000074008
349358000	20020131	1	900000000000207008	900000000000074008
360023008	20090731	0	900000000000207008	900000000000074008
360037004	20020131	1	900000000000207008	900000000000074008
360224006	20030131	0	900000000000207008	900000000000074008
360769001	20020131	1	900000000000207008	900000000000074008
360776006	20020131	1	900000000000207008	900000000000074008
361107003	20020131	1	900000000000207008	900000000000074008
361355005	20020131	1	900000000000207008	900000000000074008
361378004	20020131	1	900000000000207008	900000000000074008
361725000	20020131	1	900000000000207008	900000000000074008
361741004	20020131	1	900000000000207008	900000000000074008
362010009	20020131	1	900000000000207008	900000000000074008
362030008	20020131	1	900000000000207008	900000000000074008
362060003	20020131	1	900000000000207008	900000000000074008
362583008	20020131	1	900000000000207008	900000000000074008
362606005	20020131	1	900000000000207008	900000000000074008
362608006	20020131	1	900000000000207008	900000000000074008
362688008	20020131	1	900000000000207008	900000000000074008
362873000	20020131	1	900000000000207008	900000000000074008
362874006	20020131	1	900000000000207008	900000000000074008
362875007	20020131	1	900000000000207008	900000000000074008
362884007	20020131	1	900000000000207008	900000000000074008
362889002	20020131	1	900000000000207008	900000000000074008
362937008	20020131	1	900000000000207008	900000000000074008
362958002	20020131	1	900000000000207008	900000000000073002
362961001	20020131	1	900000000000207008	900000000000073002
362965005	20020131	1	900000000000207008	900000000000073002
362968007	20020131	1	900000000000207008	900000000000073002
362969004	20020131	1	900000000000207008	900000000000073002
362981000	20020131	1	900000000000207008	900000000000074008
363023007	20020731	1	900000000000207008	900000000000073002
363046009	20090731	1	900000000000207008	900000000000073002
363072000	20020131	1	900000000000207008	900000000000073002
363124003	20150131	1	900000000000207008	900000000000073002
363141001	20030731	1	900000000000207008	900000000000073002
363186003	20070131	1	900000000000207008	900000000000073002
363218004	20050731	0	900000000000207008	900000000000074008
363244004	20030131	1	900000000000207008	900000000000073002
363264009	20030731	0	900000000000207008	900000000000074008
363273001	20040731	0	900000000000207008	900000000000074008
363274007	20030731	0	900000000000207008	900000000000074008
363276009	20020131	1	900000000000207008	900000000000073002
363277000	20020131	1	900000000000207008	900000000000073002
363278005	20070731	1	900000000000207008	900000000000074008
363309004	20020131	1	900000000000207008	900000000000073002
363320004	20020731	1	900000000000207008	900000000000073002
363346000	20020131	1	900000000000207008	900000000000073002
363482009	20020731	1	900000000000207008	900000000000073002
363574006	20020131	1	900000000000207008	900000000000074008
363589002	20110131	1	900000000000012004	900000000000074008
363675004	20020131	1	900000000000207008	900000000000074008
363678002	20020131	1	900000000000207008	900000000000074008
363679005	20020131	1	900000000000207008	900000000000073002
363680008	20020131	1	900000000000207008	900000000000073002
363691001	20020131	1	900000000000207008	900000000000073002
363698007	20110131	1	900000000000012004	900000000000074008
363699004	20110131	1	900000000000012004	900000000000074008
363700003	20110131	1	900000000000012004	900000000000074008
363701004	20110131	1	900000000000012004	900000000000074008
363702006	20110131	1	900000000000012004	900000000000074008
363703001	20110131	1	900000000000012004	900000000000074008
363704007	20110131	1	900000000000012004	900000000000074008
363705008	20110131	1	900000000000012004	900000000000074008
363709002	20110131	1	900000000000012004	900000000000074008
363710007	20110131	1	900000000000012004	900000000000074008
363713009	20110131	1	900000000000012004	900000000000074008
363714003	20110131	1	900000000000012004	900000000000074008
363743006	20020131	1	900000000000207008	900000000000074008
363787002	20020131	1	900000000000207008	900000000000074008
363788007	20020131	1	900000000000207008	900000000000074008
363820009	20020131	1	900000000000207008	900000000000074008
364644000	20020131	1	900000000000207008	900000000000074008
367636007	20020731	0	900000000000207008	900000000000074008
367639000	20020731	0	900000000000207008	900000000000074008
367640003	20020731	0	900000000000207008	900000000000074008
367651003	20020131	1	900000000000207008	900000000000074008
370115009	20020131	1	900000000000207008	900000000000074008
370129005	20110131	1	900000000000012004	900000000000074008
370130000	20110131	1	900000000000012004	900000000000074008
370131001	20110131	1	900000000000012004	900000000000074008
370132008	20110131	1	900000000000012004	900000000000074008
370133003	20110131	1	900000000000012004	900000000000074008
370134009	20110131	1	900000000000012004	900000000000074008
370135005	20110131	1	900000000000012004	900000000000074008
370136006	20110131	1	900000000000012004	900000000000074008
370227000	20050131	0	900000000000207008	900000000000074008
371571005	20020731	1	900000000000207008	900000000000073002
371572003	20080731	1	900000000000207008	900000000000074008
371575001	20020731	1	900000000000207008	900000000000073002
371881003	20110131	1	900000000000012004	900000000000074008
371982006	20020731	1	900000000000207008	900000000000073002
371983001	20020731	1	900000000000207008	900000000000073002
372062007	20020731	1	900000000000207008	900000000000073002
372063002	20020731	1	900000000000207008	900000000000073002
372087000	20020731	1	900000000000207008	900000000000073002
373205008	20020731	1	900000000000207008	900000000000073002
373311009	20080131	0	900000000000207008	900000000000074008
373324009	20080131	1	900000000000207008	900000000000074008
373351007	20020731	1	900000000000207008	900000000000073002
373782009	20020731	1	900000000000207008	900000000000074008
373873005	20020731	1	900000000000207008	900000000000074008
385420005	20030131	1	900000000000207008	900000000000074008
385487005	20030131	1	900000000000207008	900000000000073002
386053000	20030131	1	900000000000207008	900000000000073002
386609006	20040731	1	900000000000207008	900000000000073002
387713003	20030131	1	900000000000207008	900000000000073002
387910009	20030131	1	900000000000207008	900000000000074008
387922007	20030131	1	900000000000207008	900000000000073002
387927001	20030731	1	900000000000207008	900000000000073002
389079005	20030131	1	900000000000207008	900000000000074008
392242000	20030131	1	900000000000207008	900000000000073002
394658006	20030131	1	900000000000207008	900000000000074008
394734003	20030131	1	900000000000207008	900000000000074008
394898006	20080731	1	900000000000207008	900000000000074008
394914008	20030131	1	900000000000207008	900000000000074008
395983004	20070731	0	900000000000207008	900000000000074008
399035005	20030731	1	900000000000207008	900000000000074008
399100005	20030731	1	900000000000207008	900000000000073002
399244003	20030731	1	900000000000207008	900000000000073002
399902003	20030731	1	900000000000207008	900000000000073002
399913000	20030731	1	900000000000207008	900000000000074008
399981008	20030731	1	900000000000207008	900000000000073002
400177003	20030731	1	900000000000207008	900000000000074008
404684003	20040131	1	900000000000207008	900000000000074008
405813007	20110131	1	900000000000012004	900000000000074008
405814001	20110131	1	900000000000012004	900000000000074008
405815000	20110131	1	900000000000012004	900000000000074008
405816004	20110131	1	900000000000012004	900000000000074008
406121007	20040131	1	900000000000207008	900000000000074008
406122000	20040131	1	900000000000207008	900000000000073002
406455002	20040131	1	900000000000207008	900000000000074008
407935004	20040131	1	900000000000207008	900000000000074008
408729009	20110131	1	900000000000012004	900000000000074008
408730004	20110131	1	900000000000012004	900000000000074008
408731000	20110131	1	900000000000012004	900000000000074008
408732007	20110131	1	900000000000012004	900000000000074008
408739003	20110131	1	900000000000012004	900000000000074008
408766003	20040731	1	900000000000207008	900000000000073002
409598001	20050131	0	900000000000207008	900000000000074008
409708007	20040731	1	900000000000207008	900000000000074008
410510008	20040731	1	900000000000207008	900000000000074008
410662002	20110131	1	900000000000012004	900000000000074008
410675002	20110131	1	900000000000012004	900000000000074008
410942007	20040731	1	900000000000207008	900000000000074008
411116001	20110131	1	900000000000012004	900000000000074008
413344004	20040731	1	900000000000207008	900000000000074008
413477004	20050131	1	900000000000207008	900000000000074008
413815006	20050131	1	900000000000207008	900000000000073002
414053005	20050131	1	900000000000207008	900000000000074008
414057006	20050131	1	900000000000207008	900000000000074008
414058001	20050131	1	900000000000207008	900000000000074008
414457001	20050131	1	900000000000207008	900000000000073002
414458006	20050131	1	900000000000207008	900000000000073002
414679000	20110131	1	900000000000012004	900000000000074008
415231009	20050131	1	900000000000207008	900000000000073002
415232002	20050131	1	900000000000207008	900000000000073002
416118004	20050731	1	900000000000207008	900000000000074008
416152001	20050731	1	900000000000207008	900000000000074008
416319003	20050731	1	900000000000207008	900000000000074008
416550000	20050731	1	900000000000207008	900000000000074008
416631005	20050731	1	900000000000207008	900000000000074008
416775004	20050731	1	900000000000207008	900000000000074008
416939005	20050731	1	900000000000207008	900000000000074008
416949008	20050731	1	900000000000207008	900000000000074008
416972005	20130731	0	900000000000207008	900000000000074008
417437006	20050731	1	900000000000207008	900000000000074008
417881006	20060131	1	900000000000207008	900000000000074008
418023006	20070731	1	900000000000207008	900000000000073002
418272005	20070131	1	900000000000207008	900000000000073002
418332004	20060131	1	900000000000207008	900000000000073002
418775008	20110131	1	900000000000012004	900000000000074008
418891003	20070731	1	900000000000207008	900000000000073002
419066007	20110131	1	900000000000012004	900000000000074008
419394006	20070731	1	900000000000207008	900000000000073002
419656003	20060131	1	900000000000207008	900000000000074008
419661001	20100131	0	900000000000207008	900000000000074008
419673001	20070731	1	900000000000207008	900000000000073002
420345000	20060731	1	900000000000207008	900000000000074008
420473002	20060731	1	900000000000207008	900000000000074008
420769004	20060731	1	900000000000207008	900000000000074008
421060004	20060731	1	900000000000207008	900000000000074008
421663001	20060731	1	900000000000207008	900000000000074008
422840005	20070131	1	900000000000207008	900000000000073002
424226004	20110131	1	900000000000012004	900000000000074008
424244007	20110131	1	900000000000012004	900000000000074008
424361007	20110131	1	900000000000012004	900000000000074008
424398008	20070131	1	900000000000207008	900000000000073002
424876005	20110131	1	900000000000012004	900000000000074008
425391005	20110131	1	900000000000012004	900000000000074008
426730003	20070731	1	900000000000207008	900000000000073002
427052007	20070731	1	900000000000207008	900000000000073002
428061005	20080131	1	900000000000207008	900000000000073002
429033009	20080131	1	900000000000207008	900000000000073002
429858000	20080731	1	900000000000207008	900000000000073002
429864007	20080731	1	900000000000207008	900000000000073002
429867000	20080731	1	900000000000207008	900000000000073002
429877003	20080731	1	900000000000207008	900000000000073002
429927002	20080731	1	900000000000207008	900000000000073002
430439002	20080731	1	900000000000207008	900000000000073002
430447002	20080731	1	900000000000207008	900000000000073002
430448007	20080731	1	900000000000207008	900000000000073002
431326009	20080731	1	900000000000207008	900000000000073002
431714002	20080731	1	900000000000207008	900000000000073002
431837001	20080731	1	900000000000207008	900000000000073002
432102000	20080731	1	900000000000207008	900000000000073002
432370003	20080731	1	900000000000207008	900000000000073002
432525007	20080731	1	900000000000207008	900000000000073002
432630004	20080731	1	900000000000207008	900000000000073002
433270008	20080731	1	900000000000207008	900000000000073002
433761009	20080731	1	900000000000207008	900000000000073002
434438003	20080731	1	900000000000207008	900000000000073002
440252007	20090131	1	900000000000207008	900000000000073002
440331001	20090131	1	900000000000207008	900000000000073002
441875004	20090731	1	900000000000207008	900000000000073002
441900009	20090731	1	900000000000207008	900000000000074008
441958009	20090731	1	900000000000207008	900000000000073002
441985002	20090731	1	900000000000207008	900000000000073002
441987005	20090731	1	900000000000207008	900000000000073002
442083009	20090731	1	900000000000207008	900000000000074008
442116008	20090731	1	900000000000207008	900000000000073002
443365001	20100131	1	900000000000207008	900000000000073002
443408003	20100131	1	900000000000207008	900000000000073002
443432005	20100131	1	900000000000207008	900000000000073002
444618009	20100731	1	900000000000207008	900000000000073002
444628000	20100731	1	900000000000207008	900000000000073002
444630003	20100731	1	900000000000207008	900000000000073002
444633001	20100731	1	900000000000207008	900000000000073002
444674001	20100731	1	900000000000207008	900000000000073002
444708006	20100731	1	900000000000207008	900000000000073002
444709003	20100731	1	900000000000207008	900000000000073002
444758004	20100731	1	900000000000207008	900000000000073002
445583005	20100731	1	900000000000207008	900000000000073002
446428008	20110131	1	900000000000207008	900000000000073002
448335009	20110731	1	900000000000207008	900000000000073002
448760006	20110731	1	900000000000207008	900000000000073002
450438002	20120731	1	900000000000207008	900000000000073002
609096000	20130731	1	900000000000012004	900000000000074008
609521009	20130731	1	900000000000207008	900000000000073002
609523007	20130731	1	900000000000207008	900000000000074008
609616003	20130731	1	900000000000207008	900000000000074008
609617007	20130731	1	900000000000207008	900000000000074008
609619005	20130731	1	900000000000207008	900000000000073002
609620004	20130731	1	900000000000207008	900000000000073002
609625009	20130731	1	900000000000207008	900000000000073002
609626005	20130731	1	900000000000207008	900000000000073002
609637006	20130731	1	900000000000207008	900000000000073002
698967008	20140131	1	900000000000207008	900000000000074008
699589007	20140131	1	900000000000207008	900000000000074008
699590003	20140131	1	900000000000207008	900000000000074008
699592006	20140131	1	900000000000207008	900000000000074008
699593001	20140131	1	900000000000207008	900000000000074008
699690009	20140131	1	900000000000207008	900000000000074008
699691008	20140131	1	900000000000207008	900000000000074008
699879001	20140131	1	900000000000207008	900000000000074008
699880003	20140131	1	900000000000207008	900000000000074008
699881004	20140131	1	900000000000207008	900000000000074008
699884007	20140131	1	900000000000207008	900000000000074008
702420007	20140731	1	900000000000207008	900000000000073002
702430003	20140731	1	900000000000207008	900000000000073002
702435008	20140731	1	900000000000207008	900000000000073002
702485004	20140731	1	900000000000207008	900000000000073002
702517002	20140731	1	900000000000207008	900000000000074008
702518007	20140731	1	900000000000207008	900000000000073002
704318007	20150131	1	900000000000012004	900000000000074008
704319004	20150131	1	900000000000012004	900000000000074008
704320005	20150131	1	900000000000012004	900000000000074008
704321009	20150131	1	900000000000012004	900000000000074008
704322002	20150131	1	900000000000012004	900000000000074008
704323007	20150131	1	900000000000012004	900000000000074008
704324001	20150131	1	900000000000012004	900000000000074008
704325000	20150131	1	900000000000012004	900000000000074008
704326004	20150131	1	900000000000012004	900000000000074008
704327008	20150131	1	900000000000012004	900000000000074008
704346009	20150131	1	900000000000012004	900000000000074008
704347000	20150131	1	900000000000012004	900000000000074008
704647008	20150131	1	900000000000012004	900000000000074008
709548006	20150731	1	900000000000207008	900000000000073002
710073000	20150731	1	900000000000207008	900000000000073002
711232001	20150731	1	900000000000207008	900000000000073002
711278009	20150731	1	900000000000207008	900000000000073002
712727001	20160131	1	900000000000207008	900000000000073002
712855008	20160131	1	900000000000207008	900000000000073002
714488006	20160131	1	900000000000207008	900000000000074008
714645007	20160131	1	900000000000207008	900000000000074008
715245005	20160731	1	900000000000207008	900000000000073002
715289005	20160731	1	900000000000207008	900000000000073002
715291002	20160731	1	900000000000207008	900000000000073002
715294005	20160731	1	900000000000207008	900000000000073002
715588003	20160731	1	900000000000207008	900000000000073002
715692000	20160731	1	900000000000207008	900000000000073002
715959009	20160731	1	900000000000207008	900000000000073002
718497002	20170131	1	900000000000012004	900000000000074008
719715003	20170131	1	900000000000207008	900000000000074008
719722006	20170131	1	900000000000207008	900000000000074008
719898006	20170131	1	900000000000207008	900000000000073002
719982003	20170131	1	900000000000207008	900000000000074008
726542003	20170731	1	900000000000012004	900000000000074008
726633004	20170731	1	900000000000207008	900000000000074008
726634005	20170731	1	900000000000207008	900000000000074008
732943007	20170731	1	900000000000012004	900000000000074008
732944001	20170731	1	900000000000012004	900000000000074008
732945000	20170731	1	900000000000012004	900000000000074008
732946004	20170731	1	900000000000012004	900000000000074008
732947008	20170731	1	900000000000012004	900000000000074008
733928003	20170731	1	900000000000012004	900000000000074008
733930001	20170731	1	900000000000012004	900000000000074008
733931002	20170731	1	900000000000012004	900000000000074008
733932009	20170731	1	900000000000012004	900000000000074008
733933004	20170731	1	900000000000012004	900000000000074008
734136001	20170731	1	900000000000012004	900000000000074008
734137005	20170731	1	900000000000012004	900000000000074008
582101000119108	20170131	1	900000000000207008	900000000000073002
900000000000003001	20020131	1	900000000000012004	900000000000074008
900000000000006009	20020131	1	900000000000012004	900000000000074008
900000000000010007	20020131	1	900000000000012004	900000000000074008
900000000000011006	20020131	1	900000000000012004	900000000000074008
900000000000013009	20020131	1	900000000000012004	900000000000074008
900000000000073002	20020131	1	900000000000012004	900000000000074008
900000000000074008	20020131	1	900000000000012004	900000000000074008
900000000000441003	20020131	1	900000000000012004	900000000000074008
900000000000442005	20020131	1	900000000000012004	900000000000074008
900000000000443000	20020131	1	900000000000012004	900000000000074008
900000000000444006	20020131	1	900000000000012004	900000000000074008
900000000000445007	20020131	1	900000000000012004	900000000000074008
900000000000446008	20020131	1	900000000000012004	900000000000074008
900000000000449001	20020131	1	900000000000012004	900000000000074008
900000000000450001	20020131	1	900000000000012004	900000000000074008
900000000000451002	20020131	1	900000000000012004	900000000000074008
900000000000454005	20020131	1	900000000000012004	900000000000074008
900000000000457003	20020131	1	900000000000012004	900000000000074008
900000000000511003	20020131	1	900000000000012004	900000000000074008
900000000000548007	20020131	1	900000000000012004	900000000000074008
900000000000549004	20020131	1	900000000000012004	900000000000074008
900000000000550004	20020131	1	900000000000012004	900000000000074008
